[8348965167098195611195730644350838902 0 0 0 0 0 0 0 0 0 0 0 0 0 0 0 0 0 0 0 0 0 0 0 0 0 0 0 0 0 0 0 0 0 0 0 0 0 0 0 ]
[-1998090987743712532905056739177250248 3197426856615661667860662797384205474 0 0 0 0 0 0 0 0 0 0 0 0 0 0 0 0 0 0 0 0 0 0 0 0 0 0 0 0 0 0 0 0 0 0 0 0 0 0 ]
[70741215204683955173603149142718563 528551385712773615976503746259342780 285721237363799480421497768055515195 0 0 0 0 0 0 0 0 0 0 0 0 0 0 0 0 0 0 0 0 0 0 0 0 0 0 0 0 0 0 0 0 0 0 0 0 0 ]
[-1256637125629012411486725855367098934 -1333547031010181093539072428293245218 46041231106617314184824363935258196 307659179090714119303501283415443940 0 0 0 0 0 0 0 0 0 0 0 0 0 0 0 0 0 0 0 0 0 0 0 0 0 0 0 0 0 0 0 0 0 0 0 0 ]
[-2738040732977226976829727731881397877 -722097977406727517180637456607620814 -54403957625222115895510373401932084 42655857237649844972987135192840497 137921995097671243901569252313299510 0 0 0 0 0 0 0 0 0 0 0 0 0 0 0 0 0 0 0 0 0 0 0 0 0 0 0 0 0 0 0 0 0 0 0 ]
[-2005073038678842393359293985972047310 -739322101649146275318725287884191858 105370465288264239126595784549285955 -18396032860521731193719749513606650 61956600322060050339913797253617029 34837794230960830767857153990185187 0 0 0 0 0 0 0 0 0 0 0 0 0 0 0 0 0 0 0 0 0 0 0 0 0 0 0 0 0 0 0 0 0 0 ]
[-1760196967217025854659595419250666384 -912481782772774953792394171494250442 -131884085528234749968432445655587157 -149302185224998923115809816298378434 -32999646448084864893391573078472094 -16502950646297425632750135419222425 3092725042546556390178513239456493 0 0 0 0 0 0 0 0 0 0 0 0 0 0 0 0 0 0 0 0 0 0 0 0 0 0 0 0 0 0 0 0 0 ]
[2719361391222288578002046233432608930 757248056353279449409646385594756331 68204109198051587879288810629456447 -77501037477799418764798559967717205 43483009372790744997597895465448357 11804241593678285368936947939156513 -46194503177416940641235196782945 1230735527013408565930707808341122 0 0 0 0 0 0 0 0 0 0 0 0 0 0 0 0 0 0 0 0 0 0 0 0 0 0 0 0 0 0 0 0 ]
[563189222751872926451734915230233244 -719865305390027680972593828235682159 69899916672354880162706720136836266 46982888364957663277365542323887117 -9044544316313442901155282783452241 -220330704267902084162289040613567 735792215347440776807623190416598 -280453677039494757770821543562687 46978055116397245161453773940245 0 0 0 0 0 0 0 0 0 0 0 0 0 0 0 0 0 0 0 0 0 0 0 0 0 0 0 0 0 0 0 ]
[-1426059205544828299260794894793967895 1026735738707988313102867219439295374 106118045519760863685942932531821235 -139583849482208839996013842585004005 65710613900296416957825140809255616 3180046653283345137175401635038914 -541990996809081658234717732518729 179221119670168752358858689897579 13088434368655345403027673664912 112702760689763692762538008252509 0 0 0 0 0 0 0 0 0 0 0 0 0 0 0 0 0 0 0 0 0 0 0 0 0 0 0 0 0 0 ]
[-1334862901978123146993934547178455478 1569137023179020218801562857134773425 71418205816808488954841209592733664 55024038372316443222767865743508272 -8246681063555383976881718869376938 -3259003264134341047009811289818509 371204954083797108865154140575440 314065279220985899591612793030357 -4404090990496066288819450086976 -45746807628492059439090062783226 110424888501295262165728210876374 0 0 0 0 0 0 0 0 0 0 0 0 0 0 0 0 0 0 0 0 0 0 0 0 0 0 0 0 0 ]
[3142635969484119033666412015358571130 -352542326794185534338351440622098562 32199443891728699130001856767146162 -110815928614735031287323114181887459 49526807419295658089955839605461985 -5610861397307368100367718670355203 -367660455890695198777086159073622 -580094609289942046665288098057779 -11550517751732853315317290493269 24567665620914457202757713994674 -45147023195902647225368029329818 10941520881208189773222958589374 0 0 0 0 0 0 0 0 0 0 0 0 0 0 0 0 0 0 0 0 0 0 0 0 0 0 0 0 ]
[-2790399728343186283223904330469149293 774604081045893878511675860983043516 -86718774627321255365662036652343599 -116938216836180645162463175306849842 -1413760531174658291536894130407888 -6787196646164016074497724176100471 1296386809302224915875596020901159 276767831712167411673747526152230 -17321153312403836290581716016748 13534429972342757767287538921950 54083561831613988753984609965677 -4703600120624989671356936757378 2005909160492808604908411088740 0 0 0 0 0 0 0 0 0 0 0 0 0 0 0 0 0 0 0 0 0 0 0 0 0 0 0 ]
[3882446955365508748316952115906374798 -695767825058047313674380524170146987 -53058427020946159696603215025875402 -109973511394370339017950263018269886 -49841403934720839057238072930964933 -2603921006963120676151042623551218 308751668822429756141282664549266 531940662372516873502920766293307 -22237332427106257471509130843301 2748552840990486975514312024056 45505505488518048067333447809693 4505972985353593871460148068340 35799323383828185168720183223 2362019620337280879228772635427 0 0 0 0 0 0 0 0 0 0 0 0 0 0 0 0 0 0 0 0 0 0 0 0 0 0 ]
[-1835527518129298363319931718611641715 1559991238422772211204246904108929503 44743204963641084707668340742132576 -9551518407533771035507846470542520 -66733543591419028248620657813649615 -13779982994134385562018482650087554 -161466750478606681345143148806599 181261049823024736418167402180636 6029683555982889139400263672765 -592158614233003759697892974514 14854512528226905416689126734382 1131299393663395477645162348952 3783879897016725808153472519 -874112314918623676598875420008 998207370919998777647868853366 0 0 0 0 0 0 0 0 0 0 0 0 0 0 0 0 0 0 0 0 0 0 0 0 0 ]
[-1030757060317991380621015697829598188 -1589838543351875955244127140007316361 -102946846192044114115690698224533096 -43755429729346264215035744118411003 -32255835182797056039068998909873758 11838111999011856086469062954821104 -1221609885095413697124824095263258 282855390170697185072080258301970 -20119854452177916695448290239379 1487371939148289524419038332875 39916064489325516049558329972838 -4191251391963777352535480242331 791017070146720298848932761937 -437181894699463776668131138397 -350679338324044625618024464037 151223377349819502304526013136 0 0 0 0 0 0 0 0 0 0 0 0 0 0 0 0 0 0 0 0 0 0 0 0 ]
[2439292963850763671142460480764281920 1298375577760768054080728655723984693 101878396379719438320777592012010952 -103651877719430253999334535409658893 66605669203603688834803650325524720 2401636298687747805500003663110080 1076146296096567731043415613672690 216179599889333501672645816922053 -5025120476227676379467207911369 -40949732372543279358949502185681 43440571300380981001028421515243 3797979774663914521206867558234 566815446235928763673528885876 714480291848949595165579655039 -203517414473671021532697881373 -26881543139476627689650098800 97507878655689790533939430450 0 0 0 0 0 0 0 0 0 0 0 0 0 0 0 0 0 0 0 0 0 0 0 ]
[93284837113366876719859089030047115 555200800756406374379902530924149147 112733711559938689460349935448274857 -53460233541291772413306272165724870 60707481146491829576487592690508510 -10833297069833144054691174086145826 1511914934764629183953947773451680 -334428486793737197152833504346200 -14772763768678793520971869778634 -44044205694720439016049535443978 15623250056203964053767789644938 3078529033835217118272820203640 849400605473269823491702671616 431711207136910382065991907623 27914619597270150447308910132 66038847011877116159105319809 -4472535858019172785823859173 32511862638827111270973503283 0 0 0 0 0 0 0 0 0 0 0 0 0 0 0 0 0 0 0 0 0 0 ]
[4169204863659661802433381553107848316 -1078707421331925855452941094403668817 106450940209101572050749757805375809 -34881082821164585705966763511137265 34017767273887817734175319815978427 -10805571426515996204217247773694396 -844158091943091814361405044832519 233887312067695750244961809111220 16519162011956635722373920124439 45431640009384051912867706975434 -35653745243191067795133899932495 -813703518573506025892223128662 3595324421990356404703555507 -922812113391915180282331046082 290473282971453999547910258653 70288279317782841022347534737 -46310617844754834941476011792 8431871090030866909257061051 9024309563515164148995362954 0 0 0 0 0 0 0 0 0 0 0 0 0 0 0 0 0 0 0 0 0 ]
[4128800683315596861454992223797687329 1010556744435741118212237152585516825 119858980611283768359957606068417003 -95911302539094229246579494870918080 -25678272160286047593471017317917452 8376977282683432500706520855604593 702135313901799671948436041616217 197364148235240024104613123310066 3630652087348868668314008012346 -29819351262232121128565374226879 -44735794820613351791278997456794 2798289947585346565636344823199 -843645765706662710435746235871 410335013710007103245132829358 -197456673983343363712189528090 -12917612643799769807621298254 -47590792108069125569032250880 5515332529347559066900200401 -1613131936652577704970591114 852234673383416788656911458 0 0 0 0 0 0 0 0 0 0 0 0 0 0 0 0 0 0 0 0 ]
[3589640745705402856497512151659393553 88648131142208243371453295960444174 -17009599665217768683263783697063622 -139620591925906201022153095880943482 66379318232799577872867019429740971 -9763326743849867591505707984237619 44330938657390587085792855102601 514144507073562273806548268775144 -11893691462792993039446825859260 -7874005252157189137458663313703 43520650075821549972973271825092 -2176557706466521049195733128451 825814652079179615049220821329 350380504756963290728836564854 145922421679376995500290801324 -57074896692589902925029264865 -39815922221143731789235153288 11819142243860725494053392418 686396384321840825442716155 -91877474285073445685080008 415885483860782099157639456 0 0 0 0 0 0 0 0 0 0 0 0 0 0 0 0 0 0 0 ]
[-1645035235261795987726477814252850136 535562945028285084438356901184747649 42500970439595452780120144420429155 85239878953508584072873014257934777 -33211398288575863062753878688144577 16274233328960773449403905350353832 1045429119678853585269459536949539 342297213717780236878756047255803 22130320334131716479848973009031 -21405826826135771901410621255187 -11122269568212378857205963647939 -3023437002723526410734198869894 -919930017812903182440357379252 -190226657399894776795992741068 -351173164935212725157452646573 -16889365356575365554716667513 20456333310324691846842464707 1832144499960009963413838141 -2955396196646831672886740286 -233886110174621914399675320 62749137159801113854257085 30416071864092628932694129 0 0 0 0 0 0 0 0 0 0 0 0 0 0 0 0 0 0 ]
[2048609814986659049729260461254986727 -1588779458167434159092006661855000032 64947046737194927723766766595439627 -42680378093560419545369945100374778 25376660728205756982121824571116783 3928478963656022515222931727453145 -1144553982085154206413741880609514 590111557747214456439585118770602 15223171042442749110787991302315 -51685959642878307355017667956255 7237022423571217601715433569743 -2984905626268414560594451394863 -968574750063050524789509088178 335682517000899975008571550729 -490288954220475136210995901276 -64272141284760426708453613886 -10984514788782395423426397193 -14740136418415179626847983824 -2063401495437456959472511294 -383795117573415781896163457 169721914543125299529959630 -11264935506061623284354505 45972710877391052266738804 0 0 0 0 0 0 0 0 0 0 0 0 0 0 0 0 0 ]
[-80497126188804904038448850963702611 -864735831876069740426542172200245364 106276159753345592930499902389784770 -91595053337391494435422114820555979 33431448997794114231493487782468075 -16566168080992946159326686500022697 -1034256507400757256976755692230136 -296138156211036413481251134526484 4232728831599854672961306578496 -161673434871242974506374191126 4595327845461360085079986354784 -4766900918973185962958656811789 -274196539590594668912941799201 -842681747050715742469067996587 178675888279031952016802351228 35531849075261023343499762654 14183477884828424925130167719 11023571692671222947093452814 134605737864075091873261132 273661636139106009312793916 -147780929770718640088931445 -14304566199342396696260090 21150489918855063294673376 14777534775614360640445033 0 0 0 0 0 0 0 0 0 0 0 0 0 0 0 0 ]
[-1990054306440459410798528519858859702 -1157635637053553912813355145251304068 24793067312356017592980509944649011 132149752627002698827888189078921728 60180805688936697901559091974597729 -6150958187775486802565177545522878 -1416122140820110758933694385045091 210020620364279835666865243457862 19302138243552019293659912579610 18390472167634210073732699932687 6835217738220604920687184587801 3655620855144769434303624504296 866301130788768450765776662483 -52223047438257084945410609695 -233565142168844336004668620070 33036522706024786344217281634 -24959615614197397050035935978 7099786495441546474587918711 -1555591605774534970930980327 -254170105026849415809264824 180014422116378496306398475 799455363054194062037195 4306248461282898645621662 1431427973673253018491368 4852812375156576413009885 0 0 0 0 0 0 0 0 0 0 0 0 0 0 0 ]
[2554290775634547020472044259231338847 356292229952611396144438914300439733 -86391264464128386816578010581647806 -4290771079137731278863092110198567 6169297150909161832473894764173505 -2683470559991110954224576221646138 1123285080731496863879727034349186 356716830161403863949771264282009 20942587313266734876494813921043 -27749367227040279464683541565993 -8802475561884443896162911180703 -3582417923207638315148206615971 697583007251340375028065472957 96809150555363955542416848505 -281968325407511616933206659931 -27909045285482174932292199094 -24899565097672007122213905587 -9569356029049602140248758127 -3967023454072089890470247398 -156967187644939904272343397 185695692496738092815780005 10588331833691787640079763 8024389198648800036551127 4022374378508240508087292 -502850753928850024005716 2915511826168651222237515 0 0 0 0 0 0 0 0 0 0 0 0 0 0 ]
[236230782470925827971771431804047244 -1184757065260231931763355603607608629 -41161464587417693833528093749667324 58556633504400891258608613926027561 34089925510921538313647563896601839 764506235471329565756885838080042 882854570295378914098076695216184 120331592609804135576820707061264 15552806677728706848366004774294 -34660024160385093354041731835133 31588657405474833095149630290491 -2921372830876651623482954471553 144601121307078266155923743635 341569949090875101114141530434 -4074384876647051131503689249 -30784969007940254122940662959 5030461231169310367281774903 15192377288198610482731959901 2287460823886128640698377817 -29843102244385637091133209 -181213203920205227924592134 12121507404882106823942482 17474977286985487983270856 3865408585721157997368054 1550912816848622951485189 871108910678030812720690 896619593402184152221927 0 0 0 0 0 0 0 0 0 0 0 0 0 ]
[1795568182056077464459647147851578725 1450734097578696553266440561612953067 20519389738182110158522162296526423 -128038354916758399001359587723478777 -2025488372470398006039208827259172 13050398545768488072140867342583395 -1257700864072246716699217975298459 309595982148359560103588196454305 13897038496687895067050470359439 47574249397477838497405699877140 51822142421430733625682087868262 2851328206477597226375050805467 -354295506036643537801057777500 1117564655170634425845986801173 329705070128860000389905517687 28735594811549702770449969420 12634999499322467097147896777 -6273740230866742617296722440 -1715747708494133698745670766 234806377705945000590994136 -3131374940838220048034568 12770642262776358141711549 -18386710956568614523859703 -2320465104643111804113147 693997983523922861760380 -1024499960121987591492559 -252241069959774897992891 216784238949378550180689 0 0 0 0 0 0 0 0 0 0 0 0 ]
[-1191419399411986404260782286007699064 -233052738099514765338282062177903716 53640409837511366681888251292776355 -140938206288090087834559422696294136 42873196203409006339447406023538261 3830661175992910697629067875680981 288625497750516025105615059949648 110289910025287722617711793935624 1810171966271469632257310529350 -18128584276503897028284105066093 34015977189595989350043236799404 2721088668047287516332908885512 57905233728651537847498556761 -392640491887041803340313592369 -176176873390702636697130020721 -22651263085680410889848370762 17460525792920703312216262253 7197412017394817021970745748 -3727727968913596811080221697 -203542064839082636914342885 -176092852843535953586678822 -2909871213200275453497217 -2714577515142796282036708 -4762779168178239797833432 1989058390930340450987858 287490093992371448965848 370777114108856434111762 76012482467955892763844 45592326301774328154422 0 0 0 0 0 0 0 0 0 0 0 ]
[-3584606009172394050212041357671547068 1303755184261227498433987339687427302 127637899424694207945873453438299226 12977785111683216931269481150813465 -10305122800412112004698813504400984 15186520415374366175016767476208148 1478863053171604010713804651719939 -73766860116638762974419266723605 18477581063605919436716011230687 -6263088221092185297737919709224 1674489589508398355853386666842 -3247616537704109360021131163718 566107225249188162849262059313 516591579199453702541428075012 345197468794526824343451661402 55643109229757571105728379722 15156871851046846924799624401 -15217256529038655624554534847 814225286130401575179525404 -394257703425353462670620101 -146502393070662390331915622 -14910304188748496954083967 12583718423768768859787171 -5192535513762800008008001 74438068295312303437025 -803182946092187070985212 -402917150152596547745848 64409099904595325949721 -11038113203422666942213 36498373850213162646204 0 0 0 0 0 0 0 0 0 0 ]
[-3158100518394468067891218231487680148 -27323345192287073814430511637306212 -69053918706872292834242590888399853 4082386053825843987254478704908950 -22972551060282561533909523706952132 1174109587918919018926395102519695 -1099483598803366689417619224672270 -213301891521615315255591079106935 -4409908553898734184205811990190 41003959183989797748804115318584 -11010864491651346641155827206652 4709586693876795917192659689977 -797258973596960181821680116340 617844012582652910712344002512 -94155636444765050185097766267 44986831745423313988986286981 -43944696677964471040531601605 -6982308882871139784991238644 2316024701744737826002429555 -228539230899492820502119528 5202779477763369220162552 -3811761979295672765468829 10335692035150948830082569 2756874109214115803266016 -848603087878769870387680 162682100564068074364862 -215148650127579823479459 36852726955326632366919 -20689640148559145072977 9250708405222172400659 4377701153763292869380 0 0 0 0 0 0 0 0 0 ]
[-2484288953237678144683733938081737312 -1436766783211417654498162454401272735 -62985515295182118360449598726847451 -28637303592380743746122346464883627 -11444099566281921520200857823023132 988784048691319141107861191932695 -1459184131203110731149317038857746 85451547339504855497005662373197 -3266928367468884245872841899936 -15028041110045947028423272316775 -39272118559112715724677432712049 2997650444153612360694581769433 675511477497177797057895675788 27462695304785657827672732987 -24260117778072133617911551352 56161961564425949367761872154 38239581504803025903482141436 -4527910767546287767363216693 4092034688551775765252228747 -11646153577551503546588608 46340953460167581128895386 -10167580577988797602146702 14773854054512877904150582 1295979801062802319966558 -945674659471805639687885 -1234143799826780612868592 295416631942472400718978 -92973681520798116891325 5179321386746403722860 -8121572006649500341702 1664571602959312006606 4208521347917545820023 0 0 0 0 0 0 0 0 ]
[1885767896172516249703035024258239155 -1587713086121866044173444488465788701 -49599317521286374233426884752869514 69056724006320027008122640531570305 -59063164507156479832044301604725389 7908266064241347200781368310540929 851784732286496448333646788176498 303698032002480835558341334539848 7003357552452283561019233281024 48048258533428778999709153082801 -4172255818750322325706168387669 867039018229714705759508158824 531628236806512518544192356360 -1058089903591771056101033813586 453562968526764376584312490234 -44492877802001616311351473998 40735268954352202805323174122 -10919465619679309848201125541 731066149157196617659313365 -3597259897897538319131888 -101519194418498994004156967 -1173623305132919398014134 -15563990077000710912157260 4224922155239965832231513 -816278220062929202046480 83053039945599737499015 134427524575745735651909 80284617188960082945052 671084279673112083245 -11115847340701935230338 691317967800948107589 -432755797272660324099 1177991515757135287955 0 0 0 0 0 0 0 ]
[2015767931519123767747025271193691467 814747530322382024046193070475472171 123085720849942595829163592624996383 -19031648613121834134224538535019292 -12592514362343763820715471171851342 -7650494676284252541283077883962451 938197300205588478498649992073644 -183478441347866162189627855186354 -22515324531514241023540355984638 32244954819441359251016483354646 22460868725907497846054970050080 582840822126603025013848971943 981531118098159912129662238711 165243215578027548709722385500 -11554084221461519832283026524 -8616211691936130623320514935 -45924825080075838384644508969 7246166497519208733681269827 2474448617584070017380026157 231338846014019162678114653 -108051203402552687364058313 12430957458555544465320203 -3742116878466849846450784 -247581478023342877982577 2272154791853409267049823 320347301568844084373057 -445144101427925021257723 -44875187257321271924761 -20517550787905796247526 -3189829253695630059460 -160208092223056634263 421254748315104739642 227619642162130564176 294878867631039674429 0 0 0 0 0 0 ]
[1002783621884065708895127645423728742 -282901604859148346730584625143206097 -70301366402872456509003121919574666 -130205880104287961366093768477963433 10843200049339413315489840539437379 -12454284545171852399324807006167922 222715514002206369398233226658629 -324219752352349214280207219441104 9376695564221867727492579412094 46646105790106949295636169349423 31773359620747187526317322641480 3197956188262738559025224411732 -610027631810980578811567612283 879138689456128677574487509027 -466625440601288598120320316934 32532991498991257563140579251 44719002262209163513630420120 10183388762800598420066055619 1358456707066014931365252659 -68861547531028405964584341 -111901379989156296080363474 -6756687487869525408141095 17935953764598224641871932 -3502533507383096264946608 -1533123138676625689121079 1370688419734990682261008 -86275499170411806272120 -19873962025234331702221 12000783194369344816003 -12762445519549538827859 -1626622491289329546064 -1279310809598162082043 -395852464991997325187 74799269405244669587 77403753313715963598 0 0 0 0 0 ]
[-2960706494308694330433855165503833272 1222100634573480258112389542797532200 94714108884273435934376589196517523 -125787491249383502969957705919890543 18173316685404111292645194395274214 -13587663744190753612764209867435330 851732565560939204816895381863688 -276664089426544571241570107151283 -23381265693696238780184824256816 37504017361193804036967172540223 -31808426376837402300106626870425 -1403288642775379974402459299604 -581695519940228796509808435834 34724830356483629032541897669 244889506346865557601604687346 33700360479409659222227809091 18707306969601579357563460824 12626420481445224070997160603 -1141390031711325448425287544 266014841879815360244527708 -166114263275832019853651774 -6334181668739837201169363 4402540185241608738821695 -4803580328786463198663009 -1467341047907431082119071 -1395361808474137276251585 -154917162733315143453458 -102200795031202719022431 -4504507268038583434063 -13804839074129796446340 705987396953502770485 -281863824104155609721 131182586971055447287 -124320450563960346838 -36882792678573637562 13840979648656078254 0 0 0 0 ]
[-151195534457935054643887182143597179 -1301325396828781869942662243527606507 81637540623570508246629829752820670 6429769171503275986684202987962515 -2857414360180461649769422300376669 15892434901574646923446383762973959 -580980847652647509989937254379024 -328113947314167747962765685049566 12416637136250722000409670623422 23675996160146286996170145815030 19240690811440278585795932925695 742688225541326981781371408970 951725491992691516374733823371 891318812522143994533842486449 -200855871217835111380288233126 -49098814626449978344632354786 24577646750098115656727483763 -8608447973008049034831930011 2083424188741763771138339239 -109662759354254871819924449 -121689404116638455844850683 -12858909738922945270393446 19651410515092921386938026 -4531248116784110828532135 2163157460600397376091413 1093865366102899255006115 299824978809196161317113 -12787294434539166639608 -16232806272373989296070 -4412794966855296916640 -1547331236580504127034 1413028850195908228255 332126003752769076779 -14728432539670024561 29572437057674023487 4339515335351257702 11746173322381386184 0 0 0 ]
[-1439429285256202784885735156651938038 1482482143262145296707079239529411312 80510471341926179336676060844642918 105294942495016412136099659264786773 -24253760726440678470145221473597339 14815278271249544252389735322813026 164314168632198505426199260705008 579608634016687667817908687390594 3565799254452801805650653350050 28376293841429209557742542317988 21372272394486722593242004513578 5209987335348196373324979769107 -21069934091417880915928362242 351012612868051727345521356338 -406556231370675799268171901286 8226396212751160400302638072 1195380369847682608678908918 10527015886393976369213870207 151516470256195552070038308 -339461596408372493978590380 43490200674081319699594452 -1472702551698171225604224 11699719073372410172747584 667694095525901360690777 -1443850793812481229785248 -596513943820318289959215 -84469096283772496336178 -17160221356309030490925 5975924114101137900726 87926298218004173916 -269805301612905307794 -1263574852160503832722 -377046613508346475277 28089190410264215174 10976790711891873260 6744002242330179654 3597058353702285745 3757725872039210521 0 0 ]
[206408515569770435010843505594131892 -678319546948688890998716088259509311 -6027426642893550093479633652606887 88182093959337377263695814100324727 44832546905078150740092059074466715 -13286170057288341550327263233518110 -872394918318122609381077897174733 -495269238796803597480393846195371 10990059789771606479644371147671 -5011995576427193626285875509578 -38601843281592740645211557243506 950699585454705448316021062426 -325698592365737070314875251150 -545016199211320943874903115539 -136619062039544642253765048947 8355094683071675340229010842 16437106164988732213047834375 15422468301463852678700537433 -49639699882684234016118533 356249019839710533413661980 191180499497652275341430055 -6265236064677057906328194 17771444629783560895947727 -1375588019174741277017449 -1452095265727672839926775 1162622451247855319212048 360155491629637229189078 -107976460448309377054997 7474670033430080550069 -8945974208118959556892 -627116116465210016019 -330626185226171378487 26752668242789865727 7234915504124499853 -8068546103596806820 -4423197228064863858 2540289948012610641 986250969628462811 2020676276896931787 0 ]
[-1033717331657753161400344442842532657 18714984789538163430439662471976844 37095300991065522120944901536745692 -146936479623680895201130526300685279 -16795890378565816087398829437765130 2176282903190203180944319773575081 -1376925831794600222142859903590358 284609406885006976821747291819113 -18019190126680281735085048635962 24841674844141872388967039463773 -48801102866887130046255758525331 -484620105216371150443671014828 -325425030845561629046507784481 -140817220874756807905674516481 -136069762191871468063696660625 -21965022617546452652682953888 10220407912772971994258759618 16116517697746591790819103703 -2434419179088834673690109398 -92692535646825773255753780 -83575718348532787921930943 -8103990923304061501976034 -21042416518661014345646768 -3982882621003782267963142 -789795657166602409389047 1159018364066640766397422 -140190090848068814285949 33334121778620376362139 3428770605269156684185 -5693027440751325879201 2070588814255578429623 2081945455343517260280 271110190791335059543 138904138896500401650 38686271487634284923 -5863594955634976425 -29223207458029562 -381494249089047922 898210734920586208 232689396959178871 ]